ID,Rank1,Rank2,Rank3,Rank4,Rank5,Decision
ABBV,0.23424,0.17411,0.14986,0.17262,0.26917,0.01375
ACN,0.18358,0.19883,0.1968,0.21723,0.20356,0.00296
AEP,0.1519,0.21054,0.2236,0.23228,0.18168,0.01488
AIZ,0.1564,0.21204,0.22027,0.23015,0.18114,0.01753
ALLE,0.13966,0.21372,0.23827,0.2391,0.16925,0.01485
AMAT,0.27501,0.15508,0.12537,0.15131,0.29323,0.00569
AMP,0.19382,0.19602,0.19022,0.20932,0.21062,0.00775
AMZN,0.28209,0.15339,0.1152,0.14061,0.30871,0.00729
AVB,0.22489,0.1821,0.1628,0.18462,0.24559,0.0058
AVY,0.21451,0.18096,0.1653,0.18882,0.25041,0.00768
AXP,0.14785,0.20993,0.22539,0.23925,0.17758,0.01593
BDX,0.17027,0.20135,0.20786,0.22339,0.19713,0.00894
BF-B,0.15767,0.21269,0.21952,0.2289,0.18122,0.0126
BMY,0.16411,0.20531,0.21388,0.22419,0.19251,0.01238
BR,0.10788,0.22685,0.27245,0.26297,0.12985,0.01583
CARR,0.25584,0.16351,0.13634,0.1645,0.27981,0.00918
CDW,0.14864,0.21284,0.22581,0.24044,0.17227,0.01179
CE,0.28489,0.15146,0.11602,0.14118,0.30645,0.00576
CHTR,0.27621,0.15057,0.1144,0.14071,0.31811,0.0083
CNC,0.25872,0.16212,0.13522,0.15842,0.28552,0.01005
CNP,0.17079,0.20456,0.20621,0.22401,0.19443,0.00831
COP,0.2941,0.14816,0.10898,0.13372,0.31504,0.00996
CTAS,0.09176,0.2322,0.28615,0.27054,0.11935,0.01573
CZR,0.30931,0.13447,0.09992,0.12342,0.33288,0.01114
DG,0.15649,0.20918,0.21801,0.22719,0.18913,0.0153
DPZ,0.26369,0.16281,0.13369,0.15903,0.28078,0.01131
DRE,0.26811,0.16002,0.12379,0.15011,0.29797,0.00509
DXC,0.19375,0.19685,0.18607,0.20695,0.21638,0.02814
FB,0.24202,0.17333,0.14918,0.17334,0.26213,0.00762
FTV,0.11928,0.22246,0.25434,0.25382,0.1501,0.00683
GOOG,0.24088,0.17069,0.1446,0.17399,0.26984,0.00873
GPC,0.17487,0.19783,0.19898,0.2145,0.21382,0.00898
HIG,0.17603,0.20582,0.20729,0.216,0.19486,0.00747
HST,0.25445,0.16717,0.13894,0.1639,0.27554,0.00919
JPM,0.16042,0.2079,0.21148,0.22697,0.19323,0.00838
KR,0.20471,0.18558,0.1721,0.19857,0.23904,0.01731
OGN,0.23523,0.17515,0.15208,0.1765,0.26104,0
PG,0.15626,0.21088,0.22346,0.2363,0.1731,0.01253
PPL,0.14129,0.21774,0.23767,0.2382,0.1651,0.00555
PRU,0.14614,0.21468,0.23112,0.23875,0.16931,0.01212
PYPL,0.24441,0.16396,0.14017,0.16734,0.28412,0.00895
RE,0.18029,0.20199,0.19955,0.21683,0.20134,0.00783
ROL,0.15956,0.21007,0.21909,0.23417,0.17711,0.0092
ROST,0.2045,0.1888,0.17875,0.19958,0.22837,0.00768
UNH,0.11381,0.22897,0.26329,0.25866,0.13527,0.01102
URI,0.28292,0.15059,0.1138,0.13739,0.3153,0.00865
V,0.15768,0.20694,0.21935,0.23465,0.18138,0.0095
VRSK,0.08551,0.23358,0.307,0.2758,0.09811,0.01333
WRK,0.23778,0.17539,0.14729,0.17467,0.26487,0.00908
XOM,0.26348,0.16374,0.13918,0.1625,0.2711,6e-05
IVV,0.0058,0.25636,0.5228,0.21339,0.00165,-0.00232
IWM,0.04959,0.2721,0.38236,0.25556,0.04039,-0.00948
EWU,0.18946,0.21666,0.20947,0.21685,0.16756,0.00232
EWG,0.15374,0.23172,0.24385,0.23187,0.13882,0.00422
EWL,0.16968,0.22545,0.22489,0.22542,0.15456,0.00119
EWQ,0.15206,0.23179,0.24468,0.23724,0.13423,-0.00597
IEUS,0.22743,0.1966,0.1805,0.19673,0.19874,-0.00038
EWJ,0.18478,0.21895,0.21494,0.21776,0.16357,0.00083
EWT,0.17644,0.2258,0.22202,0.22253,0.15321,0.00121
MCHI,0.29318,0.16126,0.1217,0.14628,0.27758,0.00056
INDA,0.15711,0.23155,0.23676,0.23053,0.14405,0.00191
EWY,0.21395,0.20546,0.18742,0.20093,0.19224,-0.00065
EWA,0.16061,0.23139,0.23694,0.23119,0.13987,-0.00228
EWH,0.23017,0.19224,0.17213,0.18628,0.21918,-0.00275
EWZ,0.25838,0.17442,0.14596,0.16944,0.2518,-7e-05
EWC,0.07638,0.26382,0.33536,0.25919,0.06525,-0.00068
IEMG,0.11104,0.25556,0.28945,0.24992,0.09403,0.00475
LQD,0.26265,0.18732,0.15706,0.17524,0.21773,0.00293
HYG,0.22158,0.21057,0.18978,0.19764,0.18043,0.00276
SHY,0.2899,0.16819,0.13154,0.15204,0.25833,0.00239
IEF,0.28899,0.17116,0.12919,0.15038,0.26028,0.00324
TLT,0.28622,0.16834,0.13458,0.15252,0.25834,4e-05
SEGA.L,0.27572,0.18319,0.14631,0.16672,0.22806,-3e-05
IEAA.L,0.30034,0.16716,0.13024,0.14863,0.25363,-0.00348
HIGH.L,0.28181,0.17728,0.14415,0.16202,0.23474,-0.00174
JPEA.L,0.26873,0.18352,0.15298,0.16928,0.22549,-0.00263
IAU,0.30541,0.16964,0.12106,0.144,0.25989,0.00088
SLV,0.29916,0.17194,0.13314,0.15359,0.24217,-0.00225
GSG,0.30878,0.16541,0.12371,0.14465,0.25745,-0.00015
REET,0.07137,0.26564,0.34512,0.25603,0.06184,0.01419
ICLN,0.22592,0.18988,0.17199,0.18997,0.22224,0.00085
IXN,0.13237,0.24088,0.26315,0.24272,0.12088,-0.00227
IGF,0.07886,0.26359,0.33096,0.2553,0.07129,0.00634
IUVL.L,0.29513,0.15457,0.1149,0.14306,0.29234,0.00395
IUMO.L,0.31433,0.14571,0.098,0.1252,0.31676,-0.00461
SPMV.L,0.27364,0.16655,0.13595,0.15794,0.26592,5e-04
IEVL.L,0.19873,0.21312,0.20138,0.20881,0.17796,0.00117
IEFM.L,0.27348,0.16061,0.13051,0.15177,0.28363,-0.00099
MVEU.L,0.17631,0.21919,0.21899,0.21979,0.16572,0.00288
XLK,0.15312,0.23119,0.24206,0.22838,0.14525,1e-04
XLF,0.05545,0.27126,0.3614,0.26091,0.05098,0.00369
XLV,0.07604,0.26582,0.33216,0.25598,0.07,0.00472
XLE,0.26254,0.17445,0.14772,0.16731,0.24798,0.00375
XLY,0.19448,0.21067,0.20176,0.21192,0.18117,-0.00054
XLI,0.02564,0.27112,0.44715,0.23988,0.01621,-0.00451
XLC,0.15582,0.23497,0.23895,0.23128,0.13898,-0.0019
XLU,0.13359,0.24306,0.26574,0.23898,0.11863,0.00652
XLP,0.08044,0.2618,0.33464,0.2559,0.06722,-0.013
XLB,0.12646,0.2457,0.27735,0.2474,0.10309,-0.00099
VXX,0.53949,0.16045,0.00908,0.04626,0.24472,-0.00202
