ID,Rank1,Rank2,Rank3,Rank4,Rank5,Decision
ABBV,0.2242,0.17746,0.16219,0.18389,0.25226,0.01493
ACN,0.16142,0.20538,0.21718,0.23193,0.18409,0.00307
AEP,0.23934,0.17152,0.15059,0.1723,0.26625,0.01002
AIZ,0.19415,0.19032,0.18459,0.20821,0.22273,0.01499
ALLE,0.14155,0.21197,0.23673,0.24627,0.16348,0.01605
AMAT,0.29346,0.14511,0.10594,0.13025,0.32524,0.00472
AMP,0.16999,0.20453,0.21385,0.22464,0.18699,0.00818
AMZN,0.26305,0.15767,0.13048,0.1562,0.2926,0.00884
AVB,0.17686,0.19612,0.19866,0.21347,0.21489,0.00826
AVY,0.13674,0.21326,0.23975,0.24335,0.1669,0.01128
AXP,0.21653,0.18275,0.17112,0.19285,0.23675,0.01262
BDX,0.18935,0.19152,0.19132,0.20693,0.22088,0.00894
BF-B,0.16845,0.19979,0.20876,0.22528,0.19772,0.01261
BMY,0.24439,0.16354,0.14149,0.16473,0.28585,0.00873
BR,0.15028,0.20763,0.22462,0.23534,0.18213,0.01436
CARR,0.21917,0.17967,0.16821,0.18987,0.24308,0.01268
CDW,0.15537,0.20548,0.22069,0.23289,0.18557,0.01078
CE,0.23189,0.17357,0.1535,0.17864,0.2624,0.00797
CHTR,0.19807,0.18351,0.17904,0.19983,0.23955,0.01278
CNC,0.25895,0.16541,0.13871,0.15991,0.27702,0.01053
CNP,0.22618,0.17161,0.15351,0.17657,0.27213,0.00562
COP,0.29617,0.13642,0.10881,0.13088,0.32772,0.00987
CTAS,0.17858,0.20066,0.20122,0.21557,0.20397,0.01085
CZR,0.35403,0.11182,0.06282,0.08019,0.39114,0.00764
DG,0.21579,0.18647,0.17358,0.19445,0.22971,0.01257
DPZ,0.23264,0.17314,0.15343,0.17675,0.26404,0.01385
DRE,0.19241,0.19391,0.18804,0.20713,0.21851,0.00677
DXC,0.2147,0.17977,0.16674,0.19014,0.24865,0.02627
META,0.32583,0.12908,0.07915,0.10055,0.36539,0.00294
FTV,0.13207,0.21792,0.24333,0.24633,0.16035,0.00721
GOOG,0.16771,0.20225,0.2094,0.22348,0.19716,0.01503
GPC,0.15214,0.20821,0.22259,0.23362,0.18344,0.01152
HIG,0.21993,0.17987,0.16667,0.18716,0.24637,0.00514
HST,0.23905,0.16543,0.14586,0.17224,0.27742,0.01036
JPM,0.17478,0.20143,0.20491,0.22163,0.19725,0.01092
KR,0.25826,0.16414,0.13578,0.16004,0.28178,0.01414
OGN,0.26428,0.15618,0.12836,0.14921,0.30197,-1e-05
PG,0.2379,0.17092,0.14495,0.17251,0.27372,0.00776
PPL,0.18197,0.19425,0.19748,0.21571,0.21059,0.00553
PRU,0.16584,0.20555,0.21302,0.22209,0.1935,0.0128
PYPL,0.27852,0.15081,0.113,0.13985,0.31782,0.00762
RE,0.1831,0.1977,0.19539,0.21312,0.21069,0.00883
ROL,0.15722,0.20609,0.221,0.23159,0.1841,0.00902
ROST,0.20404,0.19012,0.17865,0.20137,0.22582,0.00772
UNH,0.24382,0.16342,0.14365,0.16945,0.27966,0.00574
URI,0.27618,0.15419,0.12249,0.14566,0.30148,0.00893
V,0.1289,0.22119,0.25045,0.25176,0.1477,0.01106
VRSK,0.11764,0.22171,0.26179,0.25821,0.14065,0.0118
WRK,0.22083,0.17867,0.16332,0.18353,0.25365,0.01038
XOM,0.2257,0.17546,0.15864,0.1832,0.257,0.00177
IVV,0.00475,0.25414,0.52536,0.21331,0.00244,0.00601
IWM,0.07556,0.26482,0.34478,0.25652,0.05832,-0.00728
EWU,0.13686,0.24162,0.26609,0.23974,0.11569,0.00448
EWG,0.18245,0.21641,0.219,0.21771,0.16443,0.00149
EWL,0.14192,0.2397,0.26161,0.2366,0.12017,0.00177
EWQ,0.16388,0.22322,0.23025,0.22542,0.15723,-0.00807
IEUS,0.14978,0.23564,0.24853,0.23641,0.12964,0.00176
EWJ,0.15102,0.23597,0.25233,0.23829,0.12239,0.00166
EWT,0.19823,0.20519,0.20203,0.20667,0.18788,0.00169
MCHI,0.27056,0.16964,0.13858,0.15374,0.26748,0.00079
INDA,0.20516,0.20589,0.1958,0.20453,0.18862,0.00201
EWY,0.21491,0.19559,0.1827,0.19554,0.21126,-0.00039
EWA,0.13105,0.24312,0.27205,0.24059,0.11319,-0.00375
EWH,0.22879,0.19495,0.17818,0.19242,0.20566,-0.00218
EWZ,0.2719,0.16533,0.13589,0.15876,0.26812,-0.00014
EWC,0.17905,0.21975,0.22482,0.22299,0.15339,-2e-04
IEMG,0.1271,0.24376,0.27121,0.24394,0.11399,0.00277
LQD,0.23419,0.20846,0.18395,0.18877,0.18463,0.0039
HYG,0.14611,0.26734,0.27256,0.22638,0.08761,0.00328
SHY,0.23872,0.20319,0.1815,0.18716,0.18943,0.00263
IEF,0.26874,0.18612,0.15371,0.16804,0.22339,0.00404
TLT,0.29066,0.1654,0.13092,0.15294,0.26008,0.00274
SEGA.L,0.23044,0.20922,0.18598,0.19135,0.18301,0.00036
IEAA.L,0.25812,0.1907,0.16153,0.17319,0.21646,-0.00463
HIGH.L,0.20637,0.22875,0.21695,0.21094,0.13699,-0.00289
JPEA.L,0.20925,0.22516,0.21188,0.20467,0.14904,-0.00335
IAU,0.27489,0.18685,0.15208,0.16917,0.21701,-0.00383
SLV,0.30629,0.17281,0.12973,0.14919,0.24198,-0.00031
GSG,0.33832,0.14504,0.10358,0.12616,0.2869,7e-04
REET,0.08347,0.26563,0.33304,0.25454,0.06332,0.0145
ICLN,0.22083,0.19478,0.17873,0.19517,0.21049,0.00087
IXN,0.1153,0.25094,0.28272,0.24675,0.10429,-0.00233
IGF,0.14979,0.23287,0.24669,0.22783,0.14282,0.00651
IUVL.L,0.18598,0.21259,0.21076,0.21504,0.17563,0.00528
IUMO.L,0.24772,0.17901,0.1538,0.17398,0.24549,-0.00794
SPMV.L,0.18068,0.22149,0.22112,0.21843,0.15828,0.00283
IEVL.L,0.15266,0.23199,0.24809,0.2368,0.13046,0.00179
IEFM.L,0.16288,0.22503,0.23574,0.22589,0.15046,-0.00065
MVEU.L,0.17958,0.22374,0.22302,0.22067,0.15299,0.00348
XLK,0.13591,0.23563,0.259,0.24163,0.12783,-0.00376
XLF,0.0689,0.26576,0.35355,0.25761,0.05418,-0.00073
XLV,0.12848,0.24639,0.27635,0.24178,0.107,0.00317
XLE,0.27535,0.16629,0.13111,0.15077,0.27648,0.00153
XLY,0.17835,0.22082,0.22276,0.22049,0.15758,-0.00268
XLI,0.02328,0.2745,0.44221,0.24554,0.01447,-0.00672
XLC,0.17456,0.22317,0.22803,0.21934,0.1549,-3e-05
XLU,0.21814,0.19798,0.17994,0.19176,0.21218,0.00453
XLP,0.1638,0.22576,0.23377,0.22887,0.1478,-0.00842
XLB,0.07396,0.26629,0.35149,0.25602,0.05224,-8e-05
VXX,0.54593,0.16095,0.00905,0.0492,0.23487,-0.00342
